alignment_res_1 	more precise (shorter text chuncks) [9,9]		52
														[9,12]
														[29,29]
														[35,36]
														[37,41]
														[53,54]
														[55,55]
														[56,56]
														[57,58]
														[59,61]
														[62,67]
														[92,92]
														[93,96]
														[106,106]
														[107,108]
														[109,113]
														[133,134]
														[135,136]
														[137,139]
														[148,148]
														[149,151]
														[152,153]
														[154,157]
														[188,188]
														[188,192]
														[193,195]
														[193,195]
														[247,249]
														[250,252]
														[254,254]
														[255,258]
														[259,259]
														[260,261]
														[287,289]
														[290,291]
														[293,294]
														[295,296]
														[312,313]
														[314,316]
														[317,317]
														[357,358]
														[359,361]
														[368,369]
														[370,375]
														[564,564]
														[565,567]
														[577,579]
														[580,581]
														[601,604]
														[605,608]
														[609,610]
														[611,611]
===================================================================
alignment_res_2	wrong	alignment_res_1 correct			[46,47]		71
														[47,47]
														[48,48]
														[50,52]
														[52,52]
														[81,83]
														[83,83]
														[84,84]
														[139,139]
														[140,144]
														[144,147]
														[163,164]
														[165,166]
														[166,168]
														[169,171]
														[178,178]
														[179,181]
														[181,181]
														[182,187]
														[197,198]
														[198,198]
														[199,200]
														[216,217]
														[217,217]
														[218,218]
														[219,221]
														[223,224]
														[225,228]
														[228,228]
														[229,230]
														[231,231]
														[232,232]
														[233,233]
														[234,236]
														[236,237]
														[237,239]
														[239,239]
														[271,271]
														[271,272]
														[273,273]
														[274,274]
														[275,276]
														[277,279]
														[280,281]
														[282,282]
														[282,284]
														[293,294]
														[295,296]
														[296,296]
														[297,297]
														[298,299]
														[300,301]
														[302,302]
														[303,303]
														[304,305]
														[352,354]
														[354,354]
														[355,356]
														[364,364]
														[365,365]
														[437,438]
														[439,439]
														[440,441]
														[544,544]
														[555,556]
														[557,557]
														[558,559]
														[560,560]
														[594,594]
														[595,596]
														[597,598]
														[599,600]
===================================================================
alignment_res_1 wrong	alignment_res_2 correct			[42,42]		fine discorso diretto non individuata 34
														[43,45]		vedi sopra
														[338,342]
														[342,344]
														[393,393]
														[394,395]
														[421,422]
														[423,424]
														[425,427]
														[505,506] l'errore parte da qui e poi giù a catena
														[506,507]
														[507,507]
														[508,508]
														[509,510]
														[511,511]
														[511,512]
														[512,513]
														[514,516]
														[517,517]
														[518,519]
														[520,521]
														[522,523]
														[523,523]
														[524,524]
														[525,526]
														[526,527]
														[528,528]
														[529,530]
														[530,530]
														[547,548]
														[549,550]
														[582,582]
														[583,583]
														[584,585]
														
===================================================================			
both wrong												[68,68]		42
														[68,72]
														[73,73]
														[74,75]
														[327,330]
														[330,330]
														[331,332]
														[333,333]
														[334,335]
														[335,336]
														[407,412]
														[413,413]
														[414,414]
														[415,416]
														[417,418]
														[418,418]
														[419,420]
														[421,422]
														[436,436]
														[457,457] no verse number in alignment_res_1
														[458,461]
														[462,463]
														[463,463]
														[464,466]
														[467,468]
														[469,471]
														[472,474]
														[474,474]
														[475,476]
														[477,478]
														[479,479]
														[480,482]
														[483,483]
														[484,486]
														[487,487]
														[545,546]
														[546,546]
														[551,551]
														[552,552]
														[553,554]
														[586,589]
														[589,589]
														[590,593]